120.772826,30.738178

120.771517,30.738266

120.771351,30.738275

120.769522,30.738381

120.761341,30.738851

120.760746,30.738874

120.760526,30.738893

120.756755,30.739137

120.756679,30.739133

120.755526,30.739202

120.755049,30.739239

120.753009,30.739369

120.750198,30.739526

120.743471,30.740024

120.74139,30.740199

120.738579,30.740453
120.737426,30.740651
120.737259,30.740707
120.734646,30.741591
120.734115,30.741775
120.733241,30.741969
120.733241,30.741969
120.72565,30.741747
120.722943,30.741911
120.722471,30.741916
120.721682,30.74187
120.71812,30.741362
120.716232,30.747015
120.715717,30.748416
120.71576,30.749431
120.715481,30.752372
120.715492,30.758531


120.713738,30.758489
120.711764,30.758296
120.706136,30.757365
120.703851,30.757088
120.697736,30.757027
120.697639,30.754926
120.697575,30.754308
120.697446,30.754078
120.697199,30.753654
120.696915,30.75335
120.696443,30.752962
120.695847,30.752566
120.690097,30.749556
120.686513,30.756157
120.684196,30.760675